   7.3935397e-03   2.5937344e-03  -1.3817422e-01   2.0344809e-01  -5.8501396e-03   3.8397410e-03   4.1562089e-01   1.0962534e-01  -7.1108105e-01   2.3519330e-01  -1.5328433e-02   7.0621206e-02  -1.5671506e+01   1.3030896e+00   1.0000000e+00   1.8969172e+00
   1.2039601e-02   2.9768308e-03  -1.7438264e-01   2.1761777e-01  -5.0200653e-03   3.8176453e-03   4.4494436e-01   1.0300533e-01  -7.1829297e-01   2.3740161e-01  -1.8346208e-02   1.8941559e-01  -1.3816640e+01   7.7345708e-01   1.0000000e+00             Inf
   1.1840534e-02   3.7403002e-03  -1.7016818e-01   1.7745001e-01  -5.4980610e-03   4.6636649e-03   3.4107012e-01   1.0557901e-01  -7.0800077e-01   2.3199319e-01  -1.6120558e-02   9.7964694e-02  -4.8960024e+01   2.9657593e+00   1.0000000e+00             Inf
   9.2638654e-03   3.3230851e-03  -1.7452409e-01   1.9588628e-01  -5.5509128e-03   2.8458880e-03   3.5292047e-01   1.0252010e-01  -8.2138647e-01   2.3243058e-01  -1.7083054e-02   1.5331933e-01  -4.5887289e+01   2.9314530e+00   1.0000000e+00   1.7056327e+00
   7.9858230e-03   3.7074818e-03  -1.7309891e-01   2.2134039e-01  -4.7480856e-03   3.8967246e-03   3.4653108e-01   9.6320263e-02  -7.3985109e-01   2.5809569e-01  -1.7334358e-02   1.5384839e-01  -4.8445099e+01   3.0783181e+00   2.0000000e+00   2.0000000e+00
   1.1883057e-02   3.7470560e-03  -1.7008002e-01   1.7725946e-01  -5.4905087e-03   4.6953563e-03   3.4098178e-01   1.0568652e-01  -7.0842209e-01   2.3198992e-01  -1.6047618e-02   9.7327345e-02  -4.8647357e+01   3.1535337e+00   2.0000000e+00             Inf
   7.6078028e-03   3.5377391e-03  -1.5371061e-01   1.8607683e-01  -3.2174743e-03   3.3694146e-03   4.2710720e-01   1.1849192e-01  -7.2333878e-01   2.3742033e-01  -1.5846796e-02   1.0233475e-01  -1.3775584e+01   1.0630031e+00   2.0000000e+00             Inf
   8.4690970e-03   1.9120686e-03  -1.7351887e-01   2.2192459e-01  -5.3651157e-03   3.1638666e-03   3.9288766e-01   9.0241227e-02  -7.8517648e-01   2.0880371e-01  -1.6396361e-02   1.5496375e-01  -2.8050574e+01   3.3795654e+00   3.0000000e+00   2.0000000e+00
   1.1896320e-02   3.6560339e-03  -1.7022933e-01   1.7807271e-01  -5.4828251e-03   4.6811995e-03   3.4118637e-01   1.0559487e-01  -7.0834371e-01   2.3208972e-01  -1.6234967e-02   9.8357328e-02  -4.8144491e+01   4.8257798e+00   3.0000000e+00             Inf
   1.1994463e-02   2.9825245e-03  -1.7438548e-01   2.1737121e-01  -5.0288848e-03   3.7026037e-03   4.4461023e-01   1.0299878e-01  -7.1755301e-01   2.3730003e-01  -1.8237893e-02   1.8887918e-01  -1.3677665e+01   1.1036805e+00   3.0000000e+00             Inf
