   7.3935397e-03   2.5937344e-03  -1.3817422e-01   2.0344809e-01  -5.8501396e-03   3.8397410e-03   4.1562089e-01   1.0962534e-01  -7.1108105e-01   2.3519330e-01  -1.5328433e-02   7.0621206e-02  -1.5671506e+01   1.3030896e+00   1.0000000e+00   3.1898048e-01
   1.2039601e-02   2.9768308e-03  -1.7438264e-01   2.1761777e-01  -5.0200653e-03   3.8176453e-03   4.4494436e-01   1.0300533e-01  -7.1829297e-01   2.3740161e-01  -1.8346208e-02   1.8941559e-01  -1.3816640e+01   7.7345708e-01   1.0000000e+00             Inf
   1.1840534e-02   3.7403002e-03  -1.7016818e-01   1.7745001e-01  -5.4980610e-03   4.6636649e-03   3.4107012e-01   1.0557901e-01  -7.0800077e-01   2.3199319e-01  -1.6120558e-02   9.7964694e-02  -4.8960024e+01   2.9657593e+00   1.0000000e+00             Inf
   9.2638654e-03   3.3230851e-03  -1.7452409e-01   1.9588628e-01  -5.5509128e-03   2.8458880e-03   3.5292047e-01   1.0252010e-01  -8.2138647e-01   2.3243058e-01  -1.7083054e-02   1.5331933e-01  -4.5887289e+01   2.9314530e+00   1.0000000e+00   1.6810195e+00
   7.4645831e-03   2.7124899e-03  -1.3937691e-01   2.0285794e-01  -5.8443780e-03   3.9308887e-03   4.1512090e-01   1.0948943e-01  -7.1098756e-01   2.3515982e-01  -1.5341596e-02   7.1029907e-02  -1.5843434e+01   1.3463239e+00   1.0000000e+00   1.6025499e+00
   1.1769333e-02   3.6210453e-03  -1.6955003e-01   1.7773340e-01  -5.5038184e-03   4.5798311e-03   3.4180139e-01   1.0570653e-01  -7.0798887e-01   2.3205437e-01  -1.6107409e-02   9.7216194e-02  -4.8765798e+01   3.2416996e+00   2.0000000e+00             Inf
   1.1611640e-02   2.9706364e-03  -1.7366520e-01   2.1746488e-01  -5.1038185e-03   3.8180022e-03   4.4476583e-01   1.0324925e-01  -7.1835326e-01   2.3737866e-01  -1.8111448e-02   1.8337037e-01  -1.3570796e+01   8.5175744e-01   2.0000000e+00             Inf
   7.4647412e-03   2.7129893e-03  -1.3879237e-01   2.0316470e-01  -5.8443822e-03   3.9235749e-03   4.1488963e-01   1.0949783e-01  -7.1109295e-01   2.3513213e-01  -1.5341582e-02   7.1369706e-02  -1.5660642e+01   1.5954306e+00   2.0000000e+00   1.6151475e+00
   7.9858230e-03   3.7074818e-03  -1.7309891e-01   2.2134039e-01  -4.7480856e-03   3.8967246e-03   3.4653108e-01   9.6320263e-02  -7.3985109e-01   2.5809569e-01  -1.7334358e-02   1.5384839e-01  -4.8445099e+01   3.0783181e+00   2.0000000e+00   1.5605083e+00
   7.6078028e-03   3.5377391e-03  -1.5371061e-01   1.8607683e-01  -3.2174743e-03   3.3694146e-03   4.2710720e-01   1.1849192e-01  -7.2333878e-01   2.3742033e-01  -1.5846796e-02   1.0233475e-01  -1.3775584e+01   1.0630031e+00   2.0000000e+00   3.0737831e-01
